.Random.seed <-
c(403L, 1L, 701575598L, -396960760L, -1604775925L, 983295209L, 
1905705912L, -209843098L, -1094898431L, 1780673427L, 192572482L, 
-380136460L, 1259904503L, -1208598035L, 987640452L, -520837974L, 
-603008491L, -966463825L, 654920886L, -1688405280L, 1517463075L, 
928360769L, -392514512L, -850219442L, 1915959993L, -874291509L, 
-1931327622L, 1623420540L, -1327764801L, 399788949L, 826370988L, 
-739180158L, 1546798941L, -1374655913L, 454222142L, -1117068936L, 
373643867L, 1264676281L, -194605048L, 1802400438L, 616385009L, 
-906723293L, -1859731342L, 638378692L, 24646791L, -1587648419L, 
1791618644L, -556561286L, -578922555L, 1708415263L, -1809278810L, 
1983314480L, -1685241645L, -1263513871L, 21311008L, -1045849922L, 
591985865L, -1334118789L, -512134070L, 1846893740L, -1224602705L, 
-1720750235L, -1533065956L, 739921266L, 1716028909L, 477235751L, 
-1327895986L, -1223381336L, 1934451883L, -1094892087L, -1985230376L, 
-1270243194L, -826987167L, -1703173901L, 1733119842L, 298756564L, 
484760791L, -1999200563L, 2118375012L, -1032891318L, -232136267L, 
-2147226353L, 17353238L, -978828096L, -441646461L, 230149793L, 
-2141405040L, 1122036590L, 1831892249L, -1748318805L, -1076673638L, 
-1444684964L, 537819743L, 1279009333L, -2029082164L, 119251234L, 
-1856756867L, -1708031881L, -1348647522L, -254149544L, 787261883L, 
131297113L, -1063727896L, -1401023210L, -1626634607L, 1723517763L, 
-1107159470L, -580192028L, -781522137L, 1756766077L, 632402548L, 
-1815860134L, 121156773L, -215724353L, 89765190L, 1725332432L, 
-138455565L, 1829953809L, -620303040L, -1057805026L, 2025249257L, 
2132597531L, 101139754L, 371072588L, 558934543L, 983100741L, 
1423535868L, 17007954L, -261346611L, -1913798009L, -345897618L, 
-1192181944L, 337906507L, 1096741545L, 2142074872L, -1955309786L, 
-268072895L, 28453331L, 950584194L, -939284556L, -48545993L, 
537925165L, 766912324L, 1904088170L, -578138411L, 1907624047L, 
1305692534L, -372903264L, 1129799523L, -1157483519L, -903037072L, 
-9308402L, -1716981383L, 2092139787L, -1238786502L, 466212156L, 
248896127L, -2075803179L, -1379000340L, 1077608770L, 1289076381L, 
395975447L, 1840974462L, 379411000L, -1433166565L, -377763207L, 
1272858312L, -1793171722L, 1228289841L, 1611411299L, -726842062L, 
-1492183420L, -1433206073L, 1245012381L, 424879380L, 1592355770L, 
-269689339L, -530800673L, -1054632346L, 627589616L, -645214445L, 
1576161457L, -908987552L, -1758682882L, 1906282633L, 454934459L, 
43108746L, -934152084L, -397731345L, 770265637L, -128842020L, 
702815410L, 1665298349L, 630453095L, 1096585358L, 1170959720L, 
-693801621L, -1152073975L, -768028264L, 747157702L, 544754209L, 
-1381920077L, -1755570142L, 1839135252L, 2091531927L, -2117980019L, 
-774421084L, 931743626L, -927357963L, -8811953L, -292582058L, 
809248768L, 863238467L, 1239233761L, 931302992L, 1344606894L, 
19428953L, -981189013L, 638039002L, 56812700L, -1212092769L, 
142157045L, -1924086388L, 735985762L, -1659154371L, 1503120055L, 
1687712094L, -1264830312L, 935773179L, -1413807520L, -1714781044L, 
979645792L, 447506658L, -2109947736L, -1471870260L, 1945200124L, 
1507073970L, -1992624144L, -952416828L, -668477096L, -1923172998L, 
-510130768L, -1119753796L, 1227405908L, -1119425086L, -1445479648L, 
-1541166148L, -502545328L, 366043106L, 707838824L, -531527860L, 
-156927236L, -1325769998L, 1234350336L, 240063604L, 1265334792L, 
279677370L, -401589808L, -388936724L, -1037318252L, -698659630L, 
-910309280L, -857087668L, -2108676320L, 445835906L, 1752328680L, 
1005589484L, -2035646916L, -254207374L, 2089148272L, 1934324004L, 
-658280904L, -1694622310L, -1467927088L, -575237700L, 2083979924L, 
791664258L, 746181056L, 1984044860L, 1892480656L, -186846430L, 
-1027135992L, -2065975540L, -489785444L, -1374896110L, 1671701376L, 
1611595540L, 958449960L, -28581830L, 2138724304L, 662899308L, 
-432518092L, 1624683666L, 92388704L, -1214852788L, -492361248L, 
-1668849758L, 652930984L, -133319540L, 1278153660L, -907020174L, 
-1332767760L, 1512603716L, -451414952L, -2142040006L, -1922670480L, 
-1805839812L, 829242132L, -618930494L, -1194352928L, -57600900L, 
1881047248L, 733139874L, 1220547112L, 2111399180L, -1349829700L, 
-968669902L, 568806592L, -1995997644L, -1579125048L, 1755371194L, 
1621885072L, 1813920492L, 275360340L, -893981038L, 1030724384L, 
-849400884L, -2107294496L, 1258564290L, 622256168L, -2052715604L, 
1549351612L, 521004530L, 1422575152L, -1948356700L, 971572664L, 
1980915546L, -1672914800L, -1131615364L, -927309036L, -928538302L, 
-679148800L, 1701769148L, 7582544L, 1862858018L, 336961096L, 
-1577687028L, -613265316L, 314718674L, -255378944L, 273506644L, 
-181345048L, 715922682L, -776300848L, 1016253740L, 535292148L, 
-1961691758L, 891984224L, -2054375412L, -2099708192L, 1925839458L, 
-1567973720L, -797780404L, 322911100L, 697316658L, -1710621072L, 
-1206027452L, 1389138904L, 1096327034L, -1411845584L, 212503484L, 
733291092L, 1946078274L, -220620640L, -2045033796L, -834691632L, 
-764045470L, 945345256L, -118446900L, 657632764L, 800184818L, 
1538733696L, 1209918964L, -1880075640L, -461551814L, 130785104L, 
2102611052L, -800969324L, 1854016594L, -1139959328L, 1574130892L, 
547582112L, -146888318L, -179750680L, -1301978388L, -873925316L, 
1097665650L, 1090782320L, -274731996L, 15294520L, 1401621274L, 
-214909744L, 434682684L, 1920247700L, -349950078L, 417191360L, 
1728045628L, 1997142416L, 1260100130L, 1405807880L, -1300948340L, 
-648857828L, 1029853330L, -648420992L, -595377644L, 1810678568L, 
488302138L, 1714518480L, 1397929324L, -1903258700L, 541981714L, 
-784043552L, 1646494668L, 937734368L, -1040521182L, 604216616L, 
1080751628L, -2022464708L, -2086546446L, 345054960L, 1810369092L, 
-1033892264L, -1231826118L, 1342525936L, 1383407292L, 90193172L, 
-2040512830L, 1271562336L, 183715708L, -96805936L, 585219362L, 
-1833564504L, 1394568076L, -1623491396L, -697850062L, -362065344L, 
1239021748L, 1520683592L, 1288396218L, 1480282640L, 813047532L, 
356322644L, 1271584018L, -213747296L, -1096507700L, -655554976L, 
-148447173L, 1367725452L, 612600858L, -19898225L, -558385191L, 
427677806L, 902683644L, -1835628179L, -2039217385L, 1738744544L, 
-740826946L, 1751322251L, -761146099L, 1642830138L, 1314564472L, 
808504097L, -991142957L, 427385588L, -574338174L, -1081329129L, 
646551777L, 214201894L, -631492828L, 724525013L, 1246914431L, 
-175599080L, 386011446L, -810008637L, -1582203387L, 1601744290L, 
-587009648L, 244418873L, -195179029L, 1742089948L, -983082230L, 
-679684609L, 704425033L, -435761698L, -1662771828L, 106195293L, 
1636057447L, -953548144L, -1731584850L, 1997458779L, -1889259203L, 
472898474L, 761039944L, -837159823L, 633995747L, -1711743772L, 
1057490962L, 1308240871L, -901114959L, 659844598L, -902361068L, 
377863973L, 533653551L, -1601326616L, 1980040902L, 998754163L, 
1674371029L, -1248618574L, -1348546176L, -134452887L, 2076278235L, 
180401452L, -1478836422L, 412824047L, 1367131257L, 776910606L, 
1194914524L, 689312077L, -1321579337L, -111061440L, -1167853794L, 
235703787L, -2042547859L, 1944244186L, 1204476312L, 1869539329L, 
-1413494349L, 958496980L, 232277474L, -1478815625L, 204158401L, 
-1376837818L, -844338556L, 1989678133L, 52106271L, 1031451512L, 
-1108739498L, -1915762973L, 1644486821L, -1580879550L, 1928689456L, 
528548697L, 1591969995L, 2085517628L, -1929169558L, -1632157793L, 
2050705961L, 798659774L, 190582188L, -1408388355L, 276659783L, 
1092951344L, 615706190L, -157835653L, -1958351395L, 707480586L, 
-2086048472L, 899179409L, -726108797L, -1847995772L, 1794330802L, 
-827674617L, 1363848273L, 1814150102L, -358792524L, -125476155L, 
-1593424881L, -1071487864L, -1267710554L, -639333037L, -381761867L, 
-1342899182L, 1729109472L, 957284425L, 749168251L, 2000727884L, 
-230413606L, -1822970161L, -60039527L, 1672053422L, 1639800764L, 
-2033129427L, -916793385L, 2101943840L, 1344388990L, -1752759989L, 
-528891059L, -1531526790L, 858534840L, -1600247455L, -2059487981L, 
808934708L, -1029650622L, 112973655L, 1798145697L, 1065166694L, 
